12,9
11,128
11,127
11,126
11,125
11,124
11,123
11,122
11,121
11,120
11,119
11,118
11,117
11,116
11,115
11,114
11,113
11,112
11,111
11,110
11,109
11,108
11,107
11,106
11,105
11,104
11,103
11,102
11,101
11,100
11,99
11,98
11,97
11,96
11,95
11,94
11,93
11,92
4294967279,393
13,20
4294967279,392
4294967279,391
4294967278,391
12,8
12,7
13,19
13,18
4294967279,390
13,17
4294967279,389
4294967279,388
13,16
4294967279,387
4294967278,390
4294967279,386
4294967279,385
13,15
11,91
11,90
11,89
13,14
4294967278,389
4294967279,384
4294967278,388
11,88
4294967278,387
4294967278,386
4294967278,385
4294967278,384
4294967278,383
4294967278,382
4294967278,381
4294967278,380
4294967278,379
4294967279,383
4294967278,378
4294967278,377
4294967278,376
4294967279,382
4294967278,375
4294967279,381
4294967278,374
4294967278,373
4294967279,380
4294967278,372
4294967278,371
4294967279,379
13,13
11,87
4294967279,378
4294967278,370
4294967279,377
11,86
11,85
11,84
11,83
11,82
11,81
11,80
11,79
11,78
11,77
11,76
4294967279,376
4294967278,369
4294967279,375
4294967278,368
4294967279,374
4294967278,367
4294967278,366
4294967278,365
4294967279,373
4294967278,364
11,75
4294967279,372
13,12
4294967279,371
4294967279,370
4294967279,369
4294967279,368
4294967279,367
4294967279,366
4294967279,365
4294967279,364
4294967279,363
4294967278,363
4294967279,362
4294967278,362
13,11
13,10
13,9
11,74
11,73
11,72
11,71
11,70
11,69
11,68
11,67
11,66
11,65
11,64
11,38
11,37
11,36
11,35
11,34
11,33
11,32
11,31
11,30
11,29
11,28
11,27
11,26
11,25
11,24
11,23
11,22
11,21
11,20
11,19
11,18
11,17
11,16
11,15
11,14
11,13
11,12
11,11
4294967278,361
4294967279,361
4294967278,360
4294967279,360
4294967278,359
4294967279,359
4294967278,358
4294967278,357
4294967279,358
4294967278,356
4294967278,355
4294967279,357
4294967278,354
4294967279,356
4294967278,353
4294967278,352
4294967278,351
11,10
11,9
4294967279,355
4294967279,354
4294967279,353
4294967279,352
4294967279,351
4294967278,350
4294967278,349
4294967279,350
4294967278,348
4294967278,347
4294967278,346
4294967279,349
4294967279,348
4294967278,345
4294967279,347
4294967278,344
4294967279,346
4294967279,345
4294967279,344
4294967278,343
4294967279,343
4294967278,342
4294967279,342
4294967279,341
4294967279,340
4294967278,341
4294967279,339
4294967278,340
4294967279,338
11,8
4294967279,337
4294967278,339
4294967279,336
11,7
4294967278,338
4294967279,335
4294967279,334
4294967278,337
4294967278,336
4294967278,335
4294967279,333
4294967278,334
4294967278,333
4294967279,332
4294967278,332
4294967279,331
4294967278,331
4294967279,330
4294967278,330
4294967278,329
4294967278,328
4294967279,329
4294967278,327
4294967279,328
4294967279,327
4294967279,326
4294967279,325
4294967279,324
4294967278,326
4294967279,323
4294967278,325
4294967278,324
4294967279,322
4294967278,323
4294967279,321
4294967278,322
4294967279,320
4294967278,321
4294967279,319
4294967278,320
4294967279,318
4294967278,319
4294967279,317
4294967278,318
4294967279,316
4294967278,317
4294967279,315
4294967278,316
4294967279,314
4294967278,315
4294967279,313
4294967278,314
4294967279,312
4294967278,313
4294967279,311
4294967278,312
4294967279,310
4294967278,311
4294967279,309
4294967278,310
4294967279,308
4294967278,309
4294967279,307
4294967278,308
4294967279,306
4294967278,307
4294967279,305
4294967278,306
4294967279,304
4294967278,305
4294967279,303
4294967278,304
4294967279,302
4294967278,303
4294967279,301
4294967278,302
4294967279,300
4294967278,301
4294967279,299
4294967278,300
4294967279,298
4294967278,299
4294967279,297
4294967278,298
4294967279,296
4294967278,297
4294967279,295
4294967278,296
4294967279,294
4294967278,295
4294967279,293
4294967278,294
4294967279,292
4294967278,293
4294967279,291
4294967278,292
4294967279,290
4294967278,291
4294967279,289
4294967278,290
4294967279,288
4294967278,289
4294967279,287
4294967278,288
4294967279,286
4294967278,287
4294967279,285
13,8
13,7
13,6
13,5
13,4
13,3
13,2
13,1
4294967279,284
4294967294,471
4294967294,154
4294967294,153
12,6
12,5
12,4
12,3
12,2
12,1
4294967279,283
11,6
11,5
11,4
11,3
11,2
11,1
4294967279,282
10,5
10,4
